1187664232871895050
1195316606767747122
1214547559364952065
1195522260178579506
1058446318529413190
1216950858550607952
1209800020585480252
1168068398719184906
1218200498469867620
1197065871076626505
1205531299830439957
1222803709050884207
1218051088196964372
1223160201826537535
1221755889946591240
1172914822925533314
1225822861319737344
1191080443605426186
1001463081731371018
1208575378634051675
1192021706861199420
1192801086533283930
1193914391612108911
1195998289993146429
1235518558524538922
1223625858871328892
1200719567614382200
1235779591235436575
1224657385075904573
1132693264886149141
1234433599995117568
1225776504965697627
1203221538254364734
1237408691830128741
1228312051349458966
1246891377720295435
1248565376850202624
1033307727553900604
1224150513260429312
1251157707763880036
1251542517611102208
1253673270478372874
1253766918909853769
1258941575971606579
1249356364841619569
1254305750189215826
1259168203469361204
1256188966508560404
1193271396869083227
1262772506843156551
1257325553820897382
1262464331375841330
1263433689627492423
1269268007805390970
1270017837410291824
1269904285634793494
1267037225649176637
1265132829847851100
1271114250219163679
1267537773515112510
1254309299883081728
1257640856815538190
1271080548986519673
1270258670676086834
1264750823808700498
1217000411605762068
1273128175974613003
1273848167820955689
1145733173167259739
1248978004659539968
1213425707313528842
1276848448703955027
1278480256285802636
1271657074123735090
1280143137896923136
1225002177169326122
1270943792840572958
1279373116551856199
1265071157325988020
1260928205364269067
1274689061839306762
1280776776108343369
1283057651944787999
1282172734880743464
1285069187617918986
1255530522688622752
1273198309271539775
1284647243097575465
1263864652132253809
1281831220749008966
1287695223039856685
1284520404794478733
1282129635710075032
1272345421280186450
1291524175135248394
1255623805653745664
1256620338222075925
1284814177310871552
1282331654421090354
1277640775664140392
1293171006848106590
1284058641883987968
1297500217469435975
1298262368236736534
1284527248292184124
1266031646885412894
1264907915718819912
1251118216458276905
1224173464777134080
1300030484243550238
1299791985011458108
1297913005790466078
1252674812908798023
1297480092204924929
1294648104884109392
1301804607252463668
1290916922111819806
1283081717690662964
1242780831370444810
1302460282123321384
1262685136491647028
1302858974013554708
1300725594497093674
1260672712712519700
1304306468044013598
1300004680163655711
1291790698990927892
1269362057808187496
1292054692754620456
1307359833304989776
1308343350704865342
1297112689222615140
1308391514463801394
1233329637824790579
1309964413654138980
1309885355746394213
1310206346259337247
1310482844942073887
1309759794810323004
1310950010057396245
1288822269766012938
1310187992002072597
1297886555226112101
1312117560036032583
1308123598967406793
1301003922571264094
1314325158432997436
1296097524477595874
1309485853063512074
1307963808916176896
1310975546821447690
1301414915076132944
1316706268592996413
1309864009352351806
1317492389069459517
1277917961784524820
1319290703347716237
