1133014804517367879
1234856589446479873
1228503431338135552
1183048792921100288
1243738027910496317
1235779591235436575
1232201153177976927
1245382823473578044
1216637052246954004
1183317988368187413
1213359967906824222
1216372719059337266
1245626483125522523
1230872549391601664
1248893051288420463
1249640317343367232
1249648824432070687
1243998021989961729
1246720818210406441
1251503959063924886
1105407756296523827
1210961101756571711
1189188313173733487
1251877068732498001
1251907729576955995
1208758166750240818
1251157707763880036
1223514247838044230
1220713115755479123
1202904400633536512
1251119621776605204
1250829260403507241
1239000509289988217
1228639961688051742
1242068221813587968
1228860406114816082
1253673270478372874
1254258086747574352
1255783479900246066
1158311817978855534
1256092933556273223
1038964867337568347
1206964933686861924
1231532448471453738
1114818536934756404
1229008756118130779
1256889664208371793
1213043853347659776
1256985236890456195
1189797220137062480
1258064272240414730
1258420017998069812
1243905589084426353
1258725333558104116
1253646525343465614
1258066838978297946
1224173464777134080
1248978004659539968
1261294137202970646
1107619890921222215
1259420045289979954
1261707164414902353
1252633636541304944
1258200368915943475
1261643215686074378
1262464331375841330
1261881063354138766
1201894140787576875
1260598314475323476
1259168203469361204
1264126886473367573
1239552068143026268
1261964456469073970
1259435637296074762
1241689618982899826
1265132829847851100
1264883350338932767
1260209173392523307
1254305750189215826
1260579430120820765
1252588056892932136
1264238608450064526
1263018350477574144
1248538278198771752
1262049036429561946
1252921116347858985
1265999961749716992
1060121278687756288
1239133462926069792
1262772506843156551
1255821872801644625
1267247357276192859
1229782170294550598
1267456752358789203
1267478601528250378
1267791996244852867
1193271396869083227
1210865974316634122
1255176806554669170
1267780406468546631
1269242531196178433
1266315852232265799
1269293693035352084
1257640856815538190
1270258670676086834
1259154261602865233
1270543672198303794
1262685136491647028
1267469099324407942
1206762813121495150
1267537773515112510
1271114250219163679
1188048885608890398
1270269634117107759
1271558150553866281
1270099011742859319
1271080548986519673
1199139159865053254
1135078893632634900
1266553532543271033
1196082279697621052
1167329078051872778
1272549604617097268
1257325553820897382
1272805662799298611
1268918451033079950
1256154226787221515
1270017321544450068
1122464820436942881
1273128175974613003
1273158283972317217
1273171793808592978
1272551389796634705
1272828478676406375
1273461346368749650
1207378652891717632
1264817470943006812
1256854061592871003
1274161015021637753
1256589209557405757
1273322661161734196
1252231232788369468
1274712226447622155
1270569993393799179
1273202469287231509
1213425707313528842
1258321888623726592
1269280820884017245
1275030444915560578
1262317971464785930
1275757873552429147
1276069564286767108
1276074975161225226
1270043719302778983
1274320769379336243
1276848448703955027
1277094903725293639
1175453485303599164
1206756307659399229
1273704884914360380
1171705790306992149
1275832869532729344
1277628801496645642
1276125240484823040
1277768087864873031
1278360269042483221
1278024817752150016
1276549447165411408
1275364422256168990
1278480256285802636
1268258436580118548
1264084529740648458
1271657074123735090
1275712298824237087
1271935560134557758
1224150513260429312
1280149293453410316
1280143137896923136
1231929707013083228
1275429456323805237
1280086251512397916
1279031963415740507
1278129478081581112
1259107450066571304
1281533515254464573
1277259938686566471
1269979669147684895
1269900991487017091
1273957532670365736
1265071157325988020
1277578424675733504
1282129086197792768
1281973035674505227
1281904318823399465
1279304979688984627
1235804454255726595
1207211607109664768
1281916774345867335
967705787956858931
1190162979363233914
1253159132274364479
1264471828844511233
1283055727954366505
1280060265391587390
1283375094131064844
1276978902027206749
1284141076952907806
1272726337064407112
1244176592276553849
1282172734880743464
1270728992055492618
1270710011491913728
1239140623559168030
1282713377361231966
1266744884203884646
1284647243097575465
1281546617924878356
1285406323529224192
1285548857882710037
1285538271967055904
1279229815181807680
1266738764739248259
1285096789262991370
1282115813335367770
1274016750500839486
1279971677584756822
1284422303849119835
1285589223927447667
1285863820014911529
1284447268518367277
1284462844104151133
1277061929210347572
1286861267193036811
1282965154111295528
1281831220749008966
1287182256552673300
1282611504037761026
1287282426246070342
1287403688109015084
1285947741624729722
1287384266723819522
1286987526061559910
1287219501108039714
1267318907081986070
1096651765681750056
1286904923304362005
1267153578649452575
1289624756316016660
1284520404794478733
1287625539741552703
1282331654421090354
1282604770934132799
1282129635710075032
1278467695314075750
1290665342896705627
1290981449494691933
1289955963150798911
1288448249249927188
1291439065421316177
1255623805653745664
1281863079067385856
1287270233446289521
1291963590068273162
1291982717776564255
1256620338222075925
1291141000898543676
1285116490676174881
1292271221265666150
1279492692371443843
1290961541713367073
1279993242502561856
1292984433875619891
1280840555659526154
1282277634893418529
1293461951396970496
1293695257363353700
1293716873111932999
1293937349230592093
1253556785118183444
1290996692279361578
1293498722914930759
1294210374052220982
1283405859841638482
1293538262945763328
1256592425473015869
1284527248292184124
1283774397340975190
1288412137085210644
1293171006848106590
1294750784533041182
1254396339689754637
1249212145225170985
1294655622998003773
1277640775664140392
1289987739978174536
1288270086049759292
1274608336528085043
1295210362521784422
1288461894423674952
1294808556490723428
1286068750394589275
1295647970691125278
1242743779421720677
1238808505184682044
1271823554756743209
1295038297567137904
1296013595561299968
1152207505376690186
1295056813959675984
1290628438423502879
1288336612521939088
1295713129543630970
1164951506269782016
1296860999365824553
1264311281213636750
1292330699659018244
1297034817468235779
1266408094867390526
1266011671508549662
1285872210451497042
1058784323471417457
1194201179769557043
1297500217469435975
1289607499674030100
1274407469044596736
1297527155688996966
1292838669543145493
1297913005790466078
1263876753227780128
1152432905470087298
1298262368236736534
1298514279938654289
1297169325567774813
1292374245623599144
1293424875763007640
1295656107045290025
1275800947255283786
1299632612603592764
1299908632846274590
1252674812908798023
1300049967087484928
1300030484243550238
1147110588758106133
1300207865767919626
1300021297744576553
1299014294905684089
1247530930118197288
1300757786388594779
1297545607766085643
1291980162107310081
1300855715166031953
1290839997242675200
1299735623791284224
1295312369077063791
1268552229334286347
1299970560700317788
1299705770174189588
1272549761802698865
1303413459450597486
1285187590118703125
1304085927194529792
1300004680163655711
1304672352600330333
1304507838827073599
1304712701817393192
1291790698990927892
1287359185528553483
1301849283024261160
1302644752084373605
1296966260843872307
1304784522931343360
1301414915076132944
1277864662729359371
1265334321913401354
1270213354191065210
1282138759655325757
1301171445459849337
1305451192385671178
1307322263628152852
1301587563311530014
1245268430391869451
1292054692754620456
1307652418615513199
1307523929220583434
1307689602680885258
1295255968812236800
1271820184943857804
1307987288986357850
1302892303005782057
1308093787729563798
1308342717063106600
1308087956615073872
1307708585937076308
1308391514463801394
1308483254692876398
1297112689222615140
1293122703309406208
1308818972182839387
1288834274216247347
1307901616195633232
1309457724932755456
1268573247394549903
1309478235582632086
1309629578104410193
1309518094926086245
1309820648813629501
1309863652827856977
1309864575599906867
1309865397289357413
1301544029967880355
1310162807228076163
1290276017029644351
1310482844942073887
1307949629413003356
1299772321086705786
1297545717597868162
1302110054236950563
1309106828948275261
1310950010057396245
1234478707490426922
1292131367467094159
1311635647597117440
1287041044499795978
1294854922893791252
1302630225510797363
1311951857630842900
1310972278737211542
1311944124823371858
1309728947092852736
1297886555226112101
1290916922111819806
1276177715539738624
1299354329362337934
1309756926745247755
1261274837280751647
1299622179662725240
1287396306691821652
1311586005966520370
1313061649392861184
1307963808916176896
1296097524477595874
1299335885724192808
1218236917662093322
1312702383301857300
1313801875098832946
1314962514848645160
1312271918925217803
1263377269213102233
1315664846527795260
1295756831821533204
1315706975719395389
1309865664567181322
1306149410836709478
1291346459182239774
1303280419092955137
1316885606886014986
1227264751894270045
1316703727242973275
1313814126459486280
1309864009352351806
1297080758426533888
1244104125306900621
1314585929050226739
1317492389069459517
1318158024807944263
1266039199971152004
1313678542776569947
1301762343591481394
1318534843977568297
1302825989298192444
1319209874072010772
1318842741958119474
1186863772271398932
1318512352106254346
1319663183668969512
1295964655918911624
1319988467601768478
