1234529062995886230
1234518856513622046
1221770047358500925
1234858849203392615
1230872549919948840
1240472997303943188
1194917113027104834
1231542608241889452
1255807248060383292
1253766918909853771
1232948404808847413
1259417823491395605
1266636979643224126
1261988138092593215
1280799506849337375
1280799506849337375
1281533915957559309
1275677775763603497
1285233382263099514
1286244755805704192
1283324030287351818
1286596605721706531
1287049159697760369
1287635703265755147
1281139507055562773
1291808831411847199
1293122704106586120
1295713827471495199
1295713827471495199
1295713827471495199
1300030484243550239
1302527983332098108
1210964061311864882
1307874714684883004
1299565978450919509
1311009161416278046
1312810201891602463
1318539613576630292
